$ head -4390 zp00.dat | tail -198 | awk '{print 10^(3.5*$6 + 0.25*$5 - 12.67)}' > hw11.txt
1 Gyr

0.101549
0.12697
0.149254
0.186971
0.227091
0.284152
0.280721
0.295818
0.311046
0.328833
0.33016
0.369424
0.418962
0.442486
0.484228
0.514695
0.524928
0.531557
0.536568
0.539728
0.566011
0.676589
0.82106
1.03938
1.31841
1.52151
1.65453
2.03939
2.20001
2.474
2.53411
2.95308
3.47516
3.89807
4.04203
4.05159
4.65345
4.80812
5.322
5.90881
6.04053
6.80378
7.652
8.58667
9.07612
9.68055
10.8199
10.915
12.2046
12.2067
13.3867
13.5091
13.5106
14.4137
14.7358
15.1165
15.8252
15.9267
16.3183
17.0677
17.5075
18.0385
18.339
18.6864
18.7586
18.9725
19.1073
19.1205
18.8658
18.8506
18.7144
18.2085
17.7797
17.4361
16.5672
15.8161
15.5982
14.7792
14.0201
13.5636
13.5566
14.6159
16.0334
17.5843
19.2752
21.1154
23.0529
25.103
25.83
24.1115
22.1871
19.9986
18.26
16.7292
15.2959
13.9782
12.7703
11.6574
10.6476
9.66162
8.70964
8.01263
7.33458
6.79243
6.20976
5.71413
5.23932
4.90993
4.87613
4.73424
4.66525
4.635
4.62328
4.6169
4.61371
4.61743
4.62301
4.62754
4.6318
4.64034
4.64943
4.65747
4.66283
4.66498
4.6674
4.67089
4.6674
4.66874
4.65961
4.65238
4.6497
4.63714
4.63047
4.61929
4.6076
4.60734
4.62115
4.62621
4.635
4.64702
4.65774
4.66713
4.67466
4.68328
4.68894
4.69489
4.69543
4.703
4.70165
4.70652
4.7076
4.71113
4.70977
4.719
4.72797
4.74816
4.75801
4.84005
4.85484
4.99776
5.07604
5.11741
5.20775
5.28506
5.31894
5.32476
5.3006
5.2881
5.22607
5.18681
5.1434
5.1295
5.12094
5.0983
5.07984
5.06495
5.05417
5.0632
5.07224
5.04603
5.02921
5.00956
4.98741
4.97651
4.96192
4.94254
4.92521
4.9136
4.90117
4.88709
4.8722
4.85708
4.84061
4.82753
4.80756
4.78961
4.76458
4.75664

$ head -9127 zp00.dat | tail -218 | awk '{print 10^(3.5*$6 + 0.25*$5 - 12.67)}' >> hw11.txt
10 Gyr

0.102253
0.128255
0.151182
0.19082
0.232474
0.26937
0.287177
0.303023
0.307574
0.335023
0.368129
0.37614
0.428697
0.476925
0.502285
0.521645
0.548972
0.597173
0.637052
0.710109
0.729836
0.866214
0.931751
0.971908
1.11821
1.24001
1.29628
1.44519
1.59753
1.64702
1.75742
1.92376
2.09134
2.14857
2.31326
2.49603
2.67147
2.73543
2.87839
3.0551
3.21996
3.34214
3.38357
3.4433
3.49965
3.58839
3.66438
3.70297
3.67748
3.65868
3.49784
3.25837
3.01023
2.76137
2.55785
2.45711
2.43473
2.43445
2.44427
2.46973
2.50467
2.55505
2.59866
2.63846
2.68241
2.72333
2.7628
2.80382
2.85053
2.88702
2.91911
2.95138
2.98934
3.0243
3.05228
3.08195
3.11279
3.14141
3.16537
3.18805
3.21163
3.20922
3.20369
3.20941
3.22887
3.249
3.26663
3.28379
3.29591
3.30883
3.32181
3.33215
3.34118
3.34908
3.35429
3.36008
3.36221
3.36337
3.36589
3.36512
3.36531
3.36182
3.35718
3.35139
3.34368
3.33407
3.32602
3.31265
3.29913
3.28511
3.26663
3.24807
3.22887
3.20147
3.17103
3.13852
3.10653
3.07061
3.03407
2.99416
2.95665
2.91491
2.87128
2.8283
2.78115
2.73653
2.68937
2.64408
2.59792
2.54654
3.85101
3.8488
3.85301
3.85789
3.86834
3.87748
3.88665
3.89583
3.90818
3.91494
3.92577
3.93392
3.93935
3.94866
3.95071
3.95253
3.96004
3.96461
3.96712
3.97352
3.97466
3.97672
3.97832
3.97672
3.97786
3.97764
3.9758
3.97192
3.97032
3.96666
3.96164
3.95549
3.95048
3.94684
3.92668
3.90234
3.87213
3.8488
3.8223
3.80146
3.77942
3.7614
3.74757
3.74887
3.74046
3.72199
3.70489
3.69552
3.71086
3.72756
3.72242
3.70148
3.68108
3.66227
3.64313
3.62389
3.60433
3.58447
3.56451
3.54426
3.52107
3.49824
3.47276
3.44667
3.41665
3.3861
3.35043
3.31246
3.27246
3.23314
3.1897
3.1434
3.0992
3.05088
2.99899
2.95223
2.89985
2.85151
2.81368
2.8077
2.78067
2.74995
2.71785
2.68364
2.66456
2.59582
2.50553
2.50683
